$ 1 0.000005 10.20027730826997 50 5 50 5e-11
s -3904 -1536 -3840 -1536 4 0 false S15
s -3904 -1456 -3840 -1456 4 1 false S14
s -3904 -1264 -3840 -1264 4 1 false S12
s -3904 -1376 -3840 -1376 4 1 false S13
s -3904 -1088 -3840 -1088 4 1 false S10
s -3904 -1184 -3840 -1184 4 1 false S11
s -3904 -448 -3840 -448 4 0 false S5
s -3904 -208 -3840 -208 4 1 false S4
s -3904 -832 -3840 -832 4 1 false S7
s -3904 -640 -3840 -640 4 1 false S6
s -3904 -928 -3840 -928 4 1 false S8
s -3904 -1008 -3840 -1008 4 1 false S9
150 -2784 -304 -2656 -304 0 12 0 5
150 -2784 -528 -2656 -528 0 11 0 5
150 -2784 -720 -2656 -720 0 10 0 5
150 -2784 -896 -2656 -896 0 9 0 5
150 -2784 -1296 -2656 -1296 0 4 0 5
150 -2784 -1472 -2656 -1472 0 2 0 5
150 -2784 -1392 -2656 -1392 0 3 0 5
I -3840 -1536 -2496 -1536 0 0.5 5
152 -2192 -928 -1840 -928 0 8 5 5
w -3600 -448 -3504 -448 0
w -2192 -992 -2496 -1536 0
w -2656 -1472 -2192 -976 0
w -2656 -1392 -2192 -960 0
I -3840 -1456 -2784 -1456 0 0.5 5
w -2784 -1488 -3104 -1488 0
w -3104 -1536 -3104 -1488 0
I -3840 -1376 -2784 -1376 0 0.5 5
I -3840 -1264 -2784 -1264 0 0.5 5
I -3840 -832 -2784 -832 0 0.5 5
I -3840 -640 -2784 -640 0 0.5 5
I -3840 -448 -2784 -448 0 0.5 5
I -3840 -208 -2784 -208 0 0.5 5
w -2784 -1392 -3232 -1392 0
w -3120 -1536 -3120 -1408 0
w -2784 -1408 -3120 -1408 0
w -3232 -1392 -3232 -1456 0
w -2784 -1280 -3232 -1280 0
w -3232 -1280 -3232 -1376 0
w -2784 -1312 -3248 -1312 0
w -3248 -1312 -3248 -1456 0
w -2784 -1328 -3264 -1328 0
w -3264 -1328 -3264 -1536 0
w -2784 -848 -3264 -848 0
w -2784 -864 -3280 -864 0
w -3280 -864 -3280 -1008 0
w -2784 -880 -3296 -880 0
w -3296 -880 -3296 -1088 0
w -2784 -896 -3312 -896 0
w -3312 -896 -3312 -1184 0
w -2784 -912 -3328 -912 0
w -3840 -928 -3264 -928 0
w -3840 -1008 -3280 -1008 0
w -3840 -1088 -3296 -1088 0
w -3840 -1184 -3312 -1184 0
w -2784 -928 -3344 -928 0
w -3328 -912 -3328 -1264 0
w -2784 -944 -3360 -944 0
w -2784 -960 -3376 -960 0
w -2784 -656 -3360 -656 0
w -3360 -656 -3360 -832 0
w -2784 -672 -3376 -672 0
w -3376 -672 -3376 -928 0
w -2784 -688 -3392 -688 0
w -3392 -688 -3392 -1008 0
w -2784 -704 -3408 -704 0
w -2784 -736 -3424 -736 0
w -2784 -752 -3440 -752 0
w -2784 -768 -3456 -768 0
w -2784 -784 -3472 -784 0
w -2784 -800 -3488 -800 0
w -3408 -704 -3408 -1088 0
w -3424 -736 -3424 -1184 0
w -3440 -752 -3440 -1264 0
w -3456 -768 -3456 -1376 0
w -3472 -784 -3472 -1456 0
w -3488 -800 -3488 -1536 0
w -3344 -928 -3344 -1376 0
w -3360 -944 -3360 -1456 0
w -3376 -960 -3376 -1536 0
w -3264 -928 -3264 -848 0
w -2784 -464 -3504 -464 0
w -2784 -480 -3520 -480 0
w -2784 -512 -3552 -512 0
w -2784 -496 -3536 -496 0
w -2784 -560 -3600 -560 0
w -2784 -576 -3616 -576 0
w -2784 -544 -3584 -544 0
w -2784 -528 -3568 -528 0
w -2784 -592 -3632 -592 0
w -2784 -608 -3648 -608 0
w -3504 -640 -3504 -464 0
w -3520 -480 -3520 -832 0
w -3536 -496 -3536 -928 0
w -3552 -512 -3552 -1008 0
w -3568 -1088 -3568 -528 0
w -3584 -544 -3584 -1184 0
w -3600 -1264 -3600 -560 0
w -3616 -576 -3616 -1376 0
w -3632 -592 -3632 -1456 0
w -3648 -608 -3648 -1536 0
w -3664 -448 -3664 -224 0
w -2784 -384 -3808 -384 0
w -2784 -368 -3792 -368 0
w -2784 -272 -3712 -272 0
w -2784 -320 -3744 -320 0
w -2784 -352 -3776 -352 0
w -2784 -336 -3760 -336 0
w -2784 -256 -3696 -256 0
w -2960 -448 -3728 -448 0
w -2784 -240 -3680 -240 0
w -2784 -224 -3664 -224 0
w -2784 -288 -3728 -288 0
w -3680 -240 -3680 -640 0
w -3696 -256 -3696 -832 0
w -3712 -928 -3712 -272 0
w -3728 -288 -3728 -1008 0
w -3744 -1088 -3744 -320 0
w -3760 -336 -3760 -1184 0
w -3776 -1264 -3776 -352 0
w -3792 -368 -3792 -1376 0
w -3808 -384 -3808 -1456 0
w -2656 -1296 -2192 -944 0
w -2656 -896 -2192 -912 0
w -2192 -896 -2656 -720 0
w -2656 -528 -2192 -880 0
w -2192 -864 -2656 -304 0
