$ 1 0.000005 10.20027730826997 50 5 50 5e-11
d 448 160 448 288 2 default
r 448 288 448 368 0 200
r 512 288 512 368 0 200
d 512 160 512 288 2 default
d 640 160 640 288 2 default
r 640 288 640 368 0 200
r 576 288 576 368 0 200
d 576 160 576 288 2 default
w 448 160 832 160 0
w 640 160 640 112 0
R 640 80 640 112 0 0 40 5 0 0 0.5
w 448 368 336 368 0
w 336 400 512 400 0
w 512 368 512 400 0
x 340 361 353 364 4 20 A
x 340 392 353 395 4 20 B
x 340 456 354 459 4 20 D
x 340 425 354 428 4 20 C
w 336 464 640 464 0
w 576 432 336 432 0
d 768 160 768 288 2 default
r 768 288 768 368 0 200
r 832 288 832 368 0 200
d 832 160 832 288 2 default
d 704 160 704 288 2 default
r 704 288 704 368 0 200
w 832 560 336 560 0
x 340 553 355 556 4 20 G
x 340 520 352 523 4 20 F
x 340 489 353 492 4 20 E
w 336 528 768 528 0
w 704 496 336 496 0
w 576 368 576 432 0
w 640 368 640 464 0
w 704 368 704 496 0
w 768 368 768 528 0
w 832 368 832 560 0
w 1440 416 1440 544 0
w 1376 416 1376 544 0
w 1312 416 1312 544 0
w 1248 416 1248 544 0
w 1184 416 1184 544 0
x 1321 543 1334 546 4 20 E
x 1382 544 1394 547 4 20 F
x 1446 543 1461 546 4 20 G
r 1312 176 1312 256 0 200
d 1312 416 1312 256 2 default
d 1440 416 1440 256 2 default
r 1440 176 1440 256 0 200
r 1376 176 1376 256 0 200
d 1376 416 1376 256 2 default
x 1191 540 1205 543 4 20 C
x 1254 540 1268 543 4 20 D
x 1128 541 1141 544 4 20 B
x 1061 543 1074 546 4 20 A
w 1120 416 1120 544 0
w 1248 176 1248 128 0
w 1056 176 1440 176 0
d 1184 416 1184 256 2 default
r 1184 176 1184 256 0 200
r 1248 176 1248 256 0 200
d 1248 416 1248 256 2 default
d 1120 416 1120 256 2 default
r 1120 176 1120 256 0 200
r 1056 176 1056 256 0 200
d 1056 416 1056 256 2 default
w 1056 416 1056 544 0
g 1248 128 1248 96 0 0
38 1 F1 0 1 1000 -1 Resistance
