$ 1 0.000005 10.20027730826997 50 5 50 5e-11
150 -2784 -304 -2656 -304 0 12 0 5
150 -2784 -528 -2656 -528 0 11 0 5
150 -2784 -720 -2656 -720 0 10 0 5
150 -2784 -896 -2656 -896 0 9 0 5
150 -2784 -1296 -2656 -1296 0 4 0 5
150 -2784 -1472 -2656 -1472 0 2 0 5
150 -2784 -1392 -2656 -1392 0 3 0 5
I -3840 -1536 -2496 -1536 0 0.5 5
152 -2192 -928 -1840 -928 0 8 5 5
w -2192 -992 -2496 -1536 0
w -2656 -1472 -2192 -976 0
w -2656 -1392 -2192 -960 0
I -3552 -1456 -2784 -1456 0 0.5 5
w -2784 -1488 -3200 -1488 0
w -3200 -1536 -3200 -1488 0
I -3552 -1376 -2784 -1376 0 0.5 5
I -3840 -1264 -2784 -1264 0 0.5 5
I -3840 -832 -2784 -832 0 0.5 5
I -3840 -640 -2784 -640 0 0.5 5
I -3840 -448 -2784 -448 0 0.5 5
I -3840 -208 -2784 -208 0 0.5 5
w -2784 -1392 -3232 -1392 0
w -3216 -1456 -3216 -1408 0
w -2784 -1408 -3216 -1408 0
w -3232 -1392 -3232 -1536 0
w -2784 -1280 -3248 -1280 0
w -3248 -1280 -3248 -1376 0
w -2784 -1312 -3264 -1312 0
w -3264 -1312 -3264 -1456 0
w -2784 -1328 -3280 -1328 0
w -3280 -1328 -3280 -1536 0
w -2784 -848 -3280 -848 0
w -2784 -864 -3296 -864 0
w -3280 -848 -3280 -960 0
w -2784 -880 -3312 -880 0
w -3296 -864 -3296 -1008 0
w -2784 -896 -3328 -896 0
w -3312 -880 -3312 -1088 0
w -2784 -912 -3344 -912 0
w -3840 -928 -2784 -928 0
w -3840 -1008 -3296 -1008 0
w -3840 -1088 -3312 -1088 0
w -3840 -1184 -3328 -1184 0
w -3328 -896 -3328 -1184 0
w -2784 -944 -3360 -944 0
w -2784 -960 -3376 -960 0
w -2784 -656 -3376 -656 0
w -3376 -656 -3376 -832 0
w -2784 -672 -3392 -672 0
w -3392 -672 -3392 -928 0
w -2784 -688 -3408 -688 0
w -3408 -688 -3408 -1008 0
w -2784 -704 -3424 -704 0
w -2784 -736 -3440 -736 0
w -2784 -752 -3456 -752 0
w -2784 -768 -3472 -768 0
w -2784 -784 -3488 -784 0
w -2784 -800 -3504 -800 0
w -3424 -704 -3424 -1088 0
w -3440 -736 -3440 -1184 0
w -3456 -752 -3456 -1264 0
w -3472 -768 -3472 -1376 0
w -3488 -784 -3488 -1456 0
w -3504 -800 -3504 -1536 0
w -3344 -912 -3344 -1264 0
w -3360 -944 -3360 -1456 0
w -3376 -960 -3376 -1536 0
w -2784 -464 -3504 -464 0
w -2784 -480 -3520 -480 0
w -2784 -512 -3552 -512 0
w -2784 -496 -3536 -496 0
w -2784 -560 -3600 -560 0
w -2784 -576 -3616 -576 0
w -2784 -544 -3584 -544 0
w -2784 -528 -3568 -528 0
w -2784 -592 -3632 -592 0
w -2784 -608 -3648 -608 0
w -3504 -640 -3504 -464 0
w -3520 -480 -3520 -832 0
w -3536 -496 -3536 -928 0
w -3552 -512 -3552 -1008 0
w -3568 -1088 -3568 -528 0
w -3584 -544 -3584 -1184 0
w -3600 -1264 -3600 -560 0
w -3632 -592 -3632 -1456 0
w -3648 -608 -3648 -1536 0
w -3664 -448 -3664 -224 0
w -2784 -384 -3808 -384 0
w -2784 -368 -3792 -368 0
w -2784 -272 -3712 -272 0
w -2784 -320 -3744 -320 0
w -2784 -352 -3776 -352 0
w -2784 -336 -3760 -336 0
w -2784 -256 -3696 -256 0
w -2784 -240 -3680 -240 0
w -2784 -224 -3664 -224 0
w -2784 -288 -3728 -288 0
w -3680 -240 -3680 -640 0
w -3696 -256 -3696 -832 0
w -3712 -928 -3712 -272 0
w -3728 -288 -3728 -1008 0
w -3744 -1088 -3744 -320 0
w -3760 -336 -3760 -1184 0
w -3776 -1264 -3776 -352 0
w -3792 -368 -3792 -1376 0
w -3808 -384 -3808 -1456 0
w -2656 -1296 -2192 -944 0
w -2656 -896 -2192 -912 0
w -2192 -896 -2656 -720 0
w -2656 -528 -2192 -880 0
w -2192 -864 -2656 -304 0
x -3920 -1542 -3885 -1539 4 20 S15
x -3920 -1463 -3885 -1460 4 20 S14
w -3840 -1456 -3920 -1456 0
w -3840 -1536 -3920 -1536 0
w -3840 -1264 -3920 -1264 0
w -3840 -1184 -3920 -1184 0
x -3920 -1191 -3886 -1188 4 20 S11
x -3920 -1270 -3885 -1267 4 20 S12
w -3840 -1088 -3920 -1088 0
w -3840 -1008 -3920 -1008 0
x -3920 -1015 -3896 -1012 4 20 S9
x -3920 -1094 -3885 -1091 4 20 S10
x -3920 -1382 -3885 -1379 4 20 S13
w -3840 -1376 -3920 -1376 0
x -3920 -646 -3896 -643 4 20 S6
x -3920 -455 -3896 -452 4 20 S5
w -3840 -448 -3920 -448 0
w -3840 -640 -3920 -640 0
x -3920 -934 -3896 -931 4 20 S8
x -3920 -839 -3896 -836 4 20 S7
w -3840 -832 -3920 -832 0
w -3840 -928 -3920 -928 0
w -3840 -208 -3920 -208 0
x -3920 -215 -3896 -212 4 20 S4
w -3824 -1536 -3824 -400 0
w -3824 -400 -2784 -400 0
w -3616 -576 -3616 -1376 0
x -3920 -1650 -3604 -1647 4 30 Circuito\sde\ssalida\sde\sP2
x -3920 206 -3604 209 4 30 Circuito\sde\ssalida\sde\sP1
w -3632 1456 -3632 528 0
w -3856 1696 -2576 1696 0
w -3888 368 -3888 1664 0
x -4016 1401 -3992 1404 4 20 S4
w -3840 1408 -4016 1408 0
w -3840 992 -4016 992 0
w -3840 1088 -4016 1088 0
x -4016 1081 -3992 1084 4 20 S7
x -4016 986 -3992 989 4 20 S8
w -3840 1280 -4016 1280 0
w -3504 1344 -4016 1344 0
x -4016 1337 -3992 1340 4 20 S5
x -4016 1274 -3992 1277 4 20 S6
w -3840 528 -4016 528 0
x -4016 522 -3981 525 4 20 S13
x -4016 826 -3981 829 4 20 S10
x -4016 905 -3992 908 4 20 S9
w -3840 912 -4016 912 0
w -3840 832 -4016 832 0
x -4016 586 -3981 589 4 20 S12
x -4016 665 -3982 668 4 20 S11
w -3792 672 -4016 672 0
w -3840 592 -4016 592 0
w -3840 368 -4016 368 0
w -3840 448 -4016 448 0
x -4016 441 -3981 444 4 20 S14
x -4016 362 -3981 365 4 20 S15
w -1984 1152 -2448 1776 0
w -2448 1504 -1984 1136 0
w -1984 1120 -2448 1200 0
w -2448 1024 -1984 1104 0
w -2448 784 -1984 1072 0
w -3872 1680 -3872 448 0
w -3856 1696 -3856 528 0
w -3840 592 -3840 1712 0
w -3824 1728 -3824 672 0
w -3808 832 -3808 1744 0
w -3792 1760 -3792 912 0
w -3776 992 -3776 1792 0
w -3760 1808 -3760 1088 0
w -2576 1808 -3760 1808 0
w -2576 1872 -3696 1872 0
w -2576 1856 -3712 1856 0
w -2576 1840 -3728 1840 0
w -2576 1760 -3792 1760 0
w -2576 1744 -3808 1744 0
w -2576 1792 -3776 1792 0
w -2576 1824 -3744 1824 0
w -2576 1728 -3824 1728 0
w -2576 1712 -3840 1712 0
w -3664 1424 -3664 368 0
w -3648 1440 -3648 448 0
w -3616 592 -3616 1472 0
w -3600 1488 -3600 672 0
w -3584 832 -3584 1504 0
w -3568 1520 -3568 912 0
w -3552 1536 -3552 992 0
w -3536 1552 -3536 1088 0
w -3520 1280 -3520 1568 0
w -2576 1440 -3648 1440 0
w -2576 1456 -3632 1456 0
w -2576 1520 -3568 1520 0
w -2576 1504 -3584 1504 0
w -2576 1472 -3616 1472 0
w -2576 1488 -3600 1488 0
w -2576 1552 -3536 1552 0
w -2576 1536 -3552 1536 0
w -2576 1568 -3520 1568 0
w -2576 1584 -3504 1584 0
w -3376 960 -3376 368 0
w -3360 976 -3360 448 0
w -3344 1008 -3344 592 0
w -3504 1120 -3504 368 0
w -3488 1136 -3488 448 0
w -3472 1152 -3472 528 0
w -3456 1168 -3456 592 0
w -3440 1184 -3440 672 0
w -3424 1216 -3424 832 0
w -2576 1120 -3504 1120 0
w -2576 1136 -3488 1136 0
w -2576 1152 -3472 1152 0
w -2576 1168 -3456 1168 0
w -2576 1184 -3440 1184 0
w -2576 1216 -3424 1216 0
w -3408 1232 -3408 912 0
w -2576 1232 -3408 1232 0
w -3392 1248 -3392 992 0
w -2576 1248 -3392 1248 0
w -3376 1264 -3376 1088 0
w -2576 1264 -3376 1264 0
w -2576 960 -3376 960 0
w -2576 976 -3360 976 0
w -3328 1024 -3328 672 0
w -3840 912 -3296 912 0
w -3840 992 -2576 992 0
w -2576 1008 -3344 1008 0
w -3312 1040 -3312 832 0
w -2576 1024 -3328 1024 0
w -3296 1056 -3296 912 0
w -2576 1040 -3312 1040 0
w -3280 1072 -3280 960 0
w -2576 1056 -3296 1056 0
w -2576 1072 -3280 1072 0
w -3152 656 -3152 368 0
w -2576 640 -3136 640 0
w -3136 448 -3136 640 0
w -2576 656 -3152 656 0
I -3840 1280 -2576 1280 0 0.5 5
I -3840 1088 -2576 1088 0 0.5 5
w -3104 368 -3104 416 0
w -2576 416 -3104 416 0
I -3552 448 -2576 448 0 0.5 5
w -2448 640 -1984 1056 0
w -2448 432 -1984 1040 0
w -1984 1024 -2288 368 0
152 -1984 1088 -1648 1088 0 8 5 5
I -3840 368 -2288 368 0 0.5 5
150 -2576 640 -2448 640 0 5 0 5
150 -2576 432 -2448 432 0 2 0 5
150 -2576 1024 -2448 1024 0 9 0 5
150 -2576 1200 -2448 1200 0 10 0 5
150 -2576 1504 -2448 1504 0 13 0 5
150 -2576 1776 -2448 1776 0 14 0 5
I -3792 672 -2576 672 0 0.5 5
I -3840 832 -2576 832 0 0.5 5
x -4016 1593 -3992 1596 4 20 S3
w -3840 1600 -4016 1600 0
w -3840 1888 -4016 1888 0
x -4016 1881 -3992 1884 4 20 S2
w -3840 528 -3120 528 0
w -3840 592 -3104 592 0
w -3552 -1456 -3840 -1456 0
w -3840 -1376 -3552 -1376 0
w -3840 448 -3552 448 0
w -2576 624 -3120 624 0
w -3120 624 -3120 528 0
w -2576 608 -3104 608 0
w -3104 608 -3104 592 0
150 -2576 784 -2448 784 0 6 0 5
w -2576 816 -3280 816 0
w -2576 736 -3216 736 0
w -3216 736 -3216 672 0
w -2576 752 -3232 752 0
w -3232 752 -3232 592 0
w -2576 768 -3248 768 0
w -3248 768 -3248 528 0
w -2576 800 -3264 800 0
w -3264 800 -3264 448 0
w -3280 368 -3280 816 0
I -3840 1888 -2576 1888 0 0.5 5
I -3840 1600 -2576 1600 0 0.5 5
w -3840 1408 -2576 1408 0
w -2576 1424 -3664 1424 0
w -2576 1664 -3888 1664 0
w -2576 1680 -3872 1680 0
w -3744 1280 -3744 1824 0
w -3728 1344 -3728 1840 0
w -3712 1856 -3712 1408 0
w -3696 1600 -3696 1872 0
w -3504 1344 -3504 1584 0
w -688 1312 -688 1584 0
w -896 1872 -896 1600 0
w -912 1408 -912 1856 0
w -928 1312 -928 1840 0
w 240 1696 -1040 1696 0
w 240 1680 -1056 1680 0
w 240 1424 -848 1424 0
w -1024 1408 240 1408 0
I -1024 1600 240 1600 0 0.5 5
w -464 368 -464 816 0
w -448 800 -448 448 0
w 240 800 -448 800 0
w -432 784 -432 528 0
w 240 768 -416 768 0
w -416 768 -416 592 0
w 240 752 -400 752 0
w -400 752 -400 672 0
w 240 736 -1024 736 0
w 240 816 -464 816 0
150 240 784 368 784 0 7 0 5
w -288 608 -288 592 0
w 240 608 -288 608 0
w -304 624 -304 528 0
w 240 624 -304 624 0
w -1040 528 -752 528 0
w -1024 592 -288 592 0
w -1024 448 -144 448 0
x -1198 1786 -1174 1789 4 20 S2
w 240 1792 -1200 1792 0
w -1024 1600 -1200 1600 0
x -1200 1593 -1176 1596 4 20 S3
I -1024 832 240 832 0 0.5 5
I -976 672 240 672 0 0.5 5
150 240 1776 368 1776 0 14 0 5
150 240 1504 368 1504 0 13 0 5
150 240 1232 368 1232 0 10 0 5
150 240 1024 368 1024 0 9 0 5
150 240 512 368 512 0 3 0 5
150 240 640 368 640 0 5 0 5
I -688 368 528 368 0 0.5 5
152 832 1088 1168 1088 0 8 5 5
w 832 1024 528 368 0
w 368 512 832 1040 0
w 368 640 832 1056 0
I -752 528 240 528 0 0.5 5
w 240 496 -144 496 0
w -160 368 -160 512 0
I -1024 1312 240 1312 0 0.5 5
w 240 656 -336 656 0
w 240 640 -320 640 0
w -336 656 -336 368 0
w 240 1072 -480 1072 0
w 240 1056 -496 1056 0
w 240 1040 -512 1040 0
w 240 1024 -528 1024 0
w -480 1072 -480 832 0
w 240 1008 -544 1008 0
w -1024 992 240 992 0
w -512 1040 -512 672 0
w 240 976 -560 976 0
w 240 960 -576 960 0
w 240 1296 -576 1296 0
w -576 1296 -576 1088 0
w 240 1280 -592 1280 0
w -592 1280 -592 992 0
w 240 1264 -608 1264 0
w 240 1248 -608 1248 0
w 240 1216 -624 1216 0
w 240 1200 -640 1200 0
w 240 1184 -656 1184 0
w 240 1168 -672 1168 0
w 240 1152 -688 1152 0
w -608 1264 -608 832 0
w -624 1216 -624 672 0
w -640 1200 -640 592 0
w -656 1184 -656 528 0
w -672 1168 -672 448 0
w -688 1152 -688 368 0
w -544 1008 -544 528 0
w -560 976 -560 448 0
w -576 960 -576 368 0
w 240 1584 -688 1584 0
w 240 1568 -704 1568 0
w 240 1536 -736 1536 0
w 240 1552 -720 1552 0
w 240 1488 -784 1488 0
w 240 1472 -800 1472 0
w 240 1504 -768 1504 0
w 240 1520 -752 1520 0
w 240 1456 -816 1456 0
w 240 1440 -832 1440 0
w -704 1248 -704 1568 0
w -720 1552 -720 1088 0
w -736 1536 -736 992 0
w -752 1520 -752 832 0
w -768 736 -768 1504 0
w -784 1488 -784 672 0
w -800 592 -800 1472 0
w -832 1440 -832 448 0
w -848 1424 -848 368 0
w 240 1728 -1008 1728 0
w 240 1744 -992 1744 0
w 240 1840 -928 1840 0
w 240 1808 -960 1808 0
w 240 1760 -976 1760 0
w 240 1856 -912 1856 0
w 240 1872 -896 1872 0
w 240 1824 -944 1824 0
w -944 1824 -944 1248 0
w -960 1088 -960 1808 0
w -976 1760 -976 992 0
w -992 832 -992 1744 0
w -1008 1728 -1008 672 0
w -1024 592 -1024 1712 0
w -1040 1696 -1040 528 0
w -1056 1680 -1056 448 0
w 368 784 832 1072 0
w 368 1024 832 1104 0
w 832 1120 368 1232 0
w 368 1504 832 1136 0
w 832 1152 368 1776 0
x -1200 362 -1165 365 4 20 S15
x -1200 441 -1165 444 4 20 S14
w -1024 448 -1200 448 0
w -688 368 -1200 368 0
w -1024 592 -1200 592 0
w -976 672 -1200 672 0
x -1200 665 -1166 668 4 20 S11
x -1200 586 -1165 589 4 20 S12
w -1024 736 -1200 736 0
w -1024 832 -1200 832 0
x -1200 825 -1176 828 4 20 S9
x -1200 730 -1165 733 4 20 S10
x -1200 522 -1165 525 4 20 S13
w -1040 528 -1200 528 0
x -1200 1242 -1176 1245 4 20 S6
x -1200 1305 -1176 1308 4 20 S5
w -1024 1312 -1200 1312 0
w -608 1248 -1200 1248 0
x -1200 986 -1176 989 4 20 S8
x -1200 1081 -1176 1084 4 20 S7
w -1024 1088 -1200 1088 0
w -1024 992 -1200 992 0
w -1024 1408 -1200 1408 0
x -1200 1401 -1176 1404 4 20 S4
w -1072 368 -1072 1664 0
w -1024 1712 240 1712 0
w -816 1456 -816 528 0
x -1104 206 -788 209 4 30 Circuito\sde\ssalida\sde\sP0
w -1024 1888 -1200 1888 0
x -1200 1881 -1176 1884 4 20 S1
I -1024 1888 240 1888 0 0.5 5
w 240 512 -160 512 0
w -144 448 -144 496 0
w 240 784 -432 784 0
w -320 640 -320 448 0
I -1024 1088 240 1088 0 0.5 5
w -496 1056 -496 736 0
w -528 1024 -528 592 0
w 240 1664 -1072 1664 0
x -1200 -503 -1176 -500 4 20 S1
w -1024 -496 -1200 -496 0
x -1200 -695 -1176 -692 4 20 S4
w -1024 -688 -1200 -688 0
w -1024 -976 -1200 -976 0
w -1024 -880 -1200 -880 0
x -1200 -887 -1176 -884 4 20 S7
x -1200 -982 -1176 -979 4 20 S8
w -1024 -816 -1200 -816 0
w -1024 -752 -1200 -752 0
x -1200 -759 -1176 -756 4 20 S5
x -1200 -822 -1176 -819 4 20 S6
w -1024 -1296 -1200 -1296 0
x -1200 -1302 -1165 -1299 4 20 S13
x -1200 -1110 -1165 -1107 4 20 S10
x -1200 -1047 -1176 -1044 4 20 S9
w -1024 -1040 -1200 -1040 0
w -1024 -1104 -1200 -1104 0
x -1200 -1238 -1165 -1235 4 20 S12
x -1200 -1175 -1166 -1172 4 20 S11
w -1024 -1168 -1200 -1168 0
w -1024 -1232 -1200 -1232 0
w -1024 -1424 -1200 -1424 0
w -1024 -1360 -1200 -1360 0
x -1200 -1367 -1165 -1364 4 20 S14
x -1200 -1430 -1165 -1427 4 20 S15
x -1200 -631 -1176 -628 4 20 S3
w -1024 -624 -1200 -624 0
w -1024 -560 -1200 -560 0
x -1198 -566 -1174 -563 4 20 S2
x -1214 -1640 -914 -1637 4 30 Circuito\sde\ssalida\sde\sV
w -1024 -432 -1200 -432 0
x -1200 -439 -1176 -436 4 20 S0
150 -496 -928 112 -928 0 16 0 5
w -1024 -880 -496 -912 0
w -1024 -976 -496 -944 0
w -1024 -816 -496 -896 0
w -1024 -1040 -496 -960 0
w -1024 -1104 -496 -976 0
w -1024 -752 -496 -880 0
w -1024 -688 -496 -864 0
w -1024 -624 -496 -848 0
w -1024 -560 -496 -832 0
w -1024 -496 -496 -816 0
w -1024 -432 -496 -800 0
w -1024 -1168 -496 -992 0
w -1024 -1232 -496 -1008 0
w -1024 -1296 -496 -1024 0
w -1024 -1360 -496 -1040 0
w -1024 -1424 -496 -1056 0
