$ 1 0.000005 10.20027730826997 50 5 50 5e-11
150 -2784 -304 -2656 -304 0 12 0 5
150 -2784 -528 -2656 -528 0 11 0 5
150 -2784 -720 -2656 -720 0 10 0 5
150 -2784 -896 -2656 -896 0 9 0 5
150 -2784 -1296 -2656 -1296 0 4 0 5
150 -2784 -1472 -2656 -1472 0 2 0 5
150 -2784 -1392 -2656 -1392 0 3 0 5
I -3840 -1536 -2496 -1536 0 0.5 5
152 -2192 -928 -1840 -928 0 8 0 5
w -2192 -992 -2496 -1536 0
w -2656 -1472 -2192 -976 0
w -2656 -1392 -2192 -960 0
I -3552 -1456 -2784 -1456 0 0.5 5
w -2784 -1488 -3200 -1488 0
w -3200 -1536 -3200 -1488 0
I -3552 -1376 -2784 -1376 0 0.5 5
I -3840 -1264 -2784 -1264 0 0.5 5
I -3840 -832 -2784 -832 0 0.5 5
I -3840 -640 -2784 -640 0 0.5 5
I -3840 -448 -2784 -448 0 0.5 5
I -3840 -208 -2784 -208 0 0.5 5
w -2784 -1392 -3232 -1392 0
w -3216 -1456 -3216 -1408 0
w -2784 -1408 -3216 -1408 0
w -3232 -1392 -3232 -1536 0
w -2784 -1280 -3248 -1280 0
w -3248 -1280 -3248 -1376 0
w -2784 -1312 -3264 -1312 0
w -3264 -1312 -3264 -1456 0
w -2784 -1328 -3280 -1328 0
w -3280 -1328 -3280 -1536 0
w -2784 -848 -3280 -848 0
w -2784 -864 -3296 -864 0
w -3280 -848 -3280 -960 0
w -2784 -880 -3312 -880 0
w -3296 -864 -3296 -1008 0
w -2784 -896 -3328 -896 0
w -3312 -880 -3312 -1088 0
w -2784 -912 -3344 -912 0
w -3840 -928 -2784 -928 0
w -3840 -1008 -3296 -1008 0
w -3840 -1088 -3312 -1088 0
w -3840 -1184 -3328 -1184 0
w -3328 -896 -3328 -1184 0
w -2784 -944 -3360 -944 0
w -2784 -960 -3376 -960 0
w -2784 -656 -3376 -656 0
w -3376 -656 -3376 -832 0
w -2784 -672 -3392 -672 0
w -3392 -672 -3392 -928 0
w -2784 -688 -3408 -688 0
w -3408 -688 -3408 -1008 0
w -2784 -704 -3424 -704 0
w -2784 -736 -3440 -736 0
w -2784 -752 -3456 -752 0
w -2784 -768 -3472 -768 0
w -2784 -784 -3488 -784 0
w -2784 -800 -3504 -800 0
w -3424 -704 -3424 -1088 0
w -3440 -736 -3440 -1184 0
w -3456 -752 -3456 -1264 0
w -3472 -768 -3472 -1376 0
w -3488 -784 -3488 -1456 0
w -3504 -800 -3504 -1536 0
w -3344 -912 -3344 -1264 0
w -3360 -944 -3360 -1456 0
w -3376 -960 -3376 -1536 0
w -2784 -464 -3504 -464 0
w -2784 -480 -3520 -480 0
w -2784 -512 -3552 -512 0
w -2784 -496 -3536 -496 0
w -2784 -560 -3600 -560 0
w -2784 -576 -3616 -576 0
w -2784 -544 -3584 -544 0
w -2784 -528 -3568 -528 0
w -2784 -592 -3632 -592 0
w -2784 -608 -3648 -608 0
w -3504 -640 -3504 -464 0
w -3520 -480 -3520 -832 0
w -3536 -496 -3536 -928 0
w -3552 -512 -3552 -1008 0
w -3568 -1088 -3568 -528 0
w -3584 -544 -3584 -1184 0
w -3600 -1264 -3600 -560 0
w -3632 -592 -3632 -1456 0
w -3648 -608 -3648 -1536 0
w -3664 -448 -3664 -224 0
w -2784 -384 -3808 -384 0
w -2784 -368 -3792 -368 0
w -2784 -272 -3712 -272 0
w -2784 -320 -3744 -320 0
w -2784 -352 -3776 -352 0
w -2784 -336 -3760 -336 0
w -2784 -256 -3696 -256 0
w -2784 -240 -3680 -240 0
w -2784 -224 -3664 -224 0
w -2784 -288 -3728 -288 0
w -3680 -240 -3680 -640 0
w -3696 -256 -3696 -832 0
w -3712 -928 -3712 -272 0
w -3728 -288 -3728 -1008 0
w -3744 -1088 -3744 -320 0
w -3760 -336 -3760 -1184 0
w -3776 -1264 -3776 -352 0
w -3792 -368 -3792 -1376 0
w -3808 -384 -3808 -1456 0
w -2656 -1296 -2192 -944 0
w -2656 -896 -2192 -912 0
w -2192 -896 -2656 -720 0
w -2656 -528 -2192 -880 0
w -2192 -864 -2656 -304 0
x -3920 -1542 -3885 -1539 4 20 S15
x -3920 -1463 -3885 -1460 4 20 S14
w -3840 -1456 -3920 -1456 0
w -3840 -1536 -3920 -1536 0
w -3840 -1264 -3920 -1264 0
w -3840 -1184 -3920 -1184 0
x -3920 -1191 -3886 -1188 4 20 S11
x -3920 -1270 -3885 -1267 4 20 S12
w -3840 -1088 -3920 -1088 0
w -3840 -1008 -3920 -1008 0
x -3920 -1015 -3896 -1012 4 20 S9
x -3920 -1094 -3885 -1091 4 20 S10
x -3920 -1382 -3885 -1379 4 20 S13
w -3840 -1376 -3920 -1376 0
x -3920 -646 -3896 -643 4 20 S6
x -3920 -455 -3896 -452 4 20 S5
w -3840 -448 -3920 -448 0
w -3840 -640 -3920 -640 0
x -3920 -934 -3896 -931 4 20 S8
x -3920 -839 -3896 -836 4 20 S7
w -3840 -832 -3920 -832 0
w -3840 -928 -3920 -928 0
w -3840 -208 -3920 -208 0
x -3920 -215 -3896 -212 4 20 S4
w -3824 -1536 -3824 -400 0
w -3824 -400 -2784 -400 0
w -3616 -576 -3616 -1376 0
x -3920 -1650 -3604 -1647 4 30 Circuito\sde\ssalida\sde\sP2
x -3920 206 -3604 209 4 30 Circuito\sde\ssalida\sde\sP1
w -3632 1456 -3632 528 0
w -3856 1696 -2576 1696 0
w -3888 368 -3888 1664 0
x -4016 1401 -3992 1404 4 20 S4
w -3840 1408 -4016 1408 0
w -3840 992 -4016 992 0
w -3840 1088 -4016 1088 0
x -4016 1081 -3992 1084 4 20 S7
x -4016 986 -3992 989 4 20 S8
w -3840 1280 -4016 1280 0
w -3504 1344 -4016 1344 0
x -4016 1337 -3992 1340 4 20 S5
x -4016 1274 -3992 1277 4 20 S6
w -3840 528 -4016 528 0
x -4016 522 -3981 525 4 20 S13
x -4016 826 -3981 829 4 20 S10
x -4016 905 -3992 908 4 20 S9
w -3840 912 -4016 912 0
w -3840 832 -4016 832 0
x -4016 586 -3981 589 4 20 S12
x -4016 665 -3982 668 4 20 S11
w -3792 672 -4016 672 0
w -3840 592 -4016 592 0
w -3840 368 -4016 368 0
w -3840 448 -4016 448 0
x -4016 441 -3981 444 4 20 S14
x -4016 362 -3981 365 4 20 S15
w -1984 1152 -2448 1776 0
w -2448 1504 -1984 1136 0
w -1984 1120 -2448 1200 0
w -2448 1024 -1984 1104 0
w -2448 784 -1984 1072 0
w -3872 1680 -3872 448 0
w -3856 1696 -3856 528 0
w -3840 592 -3840 1712 0
w -3824 1728 -3824 672 0
w -3808 832 -3808 1744 0
w -3792 1760 -3792 912 0
w -3776 992 -3776 1792 0
w -3760 1808 -3760 1088 0
w -2576 1808 -3760 1808 0
w -2576 1872 -3696 1872 0
w -2576 1856 -3712 1856 0
w -2576 1840 -3728 1840 0
w -2576 1760 -3792 1760 0
w -2576 1744 -3808 1744 0
w -2576 1792 -3776 1792 0
w -2576 1824 -3744 1824 0
w -2576 1728 -3824 1728 0
w -2576 1712 -3840 1712 0
w -3664 1424 -3664 368 0
w -3648 1440 -3648 448 0
w -3616 592 -3616 1472 0
w -3600 1488 -3600 672 0
w -3584 832 -3584 1504 0
w -3568 1520 -3568 912 0
w -3552 1536 -3552 992 0
w -3536 1552 -3536 1088 0
w -3520 1280 -3520 1568 0
w -2576 1440 -3648 1440 0
w -2576 1456 -3632 1456 0
w -2576 1520 -3568 1520 0
w -2576 1504 -3584 1504 0
w -2576 1472 -3616 1472 0
w -2576 1488 -3600 1488 0
w -2576 1552 -3536 1552 0
w -2576 1536 -3552 1536 0
w -2576 1568 -3520 1568 0
w -2576 1584 -3504 1584 0
w -3376 960 -3376 368 0
w -3360 976 -3360 448 0
w -3344 1008 -3344 592 0
w -3504 1120 -3504 368 0
w -3488 1136 -3488 448 0
w -3472 1152 -3472 528 0
w -3456 1168 -3456 592 0
w -3440 1184 -3440 672 0
w -3424 1216 -3424 832 0
w -2576 1120 -3504 1120 0
w -2576 1136 -3488 1136 0
w -2576 1152 -3472 1152 0
w -2576 1168 -3456 1168 0
w -2576 1184 -3440 1184 0
w -2576 1216 -3424 1216 0
w -3408 1232 -3408 912 0
w -2576 1232 -3408 1232 0
w -3392 1248 -3392 992 0
w -2576 1248 -3392 1248 0
w -3376 1264 -3376 1088 0
w -2576 1264 -3376 1264 0
w -2576 960 -3376 960 0
w -2576 976 -3360 976 0
w -3328 1024 -3328 672 0
w -3840 912 -3296 912 0
w -3840 992 -2576 992 0
w -2576 1008 -3344 1008 0
w -3312 1040 -3312 832 0
w -2576 1024 -3328 1024 0
w -3296 1056 -3296 912 0
w -2576 1040 -3312 1040 0
w -3280 1072 -3280 960 0
w -2576 1056 -3296 1056 0
w -2576 1072 -3280 1072 0
w -3152 656 -3152 368 0
w -2576 640 -3136 640 0
w -3136 448 -3136 640 0
w -2576 656 -3152 656 0
I -3840 1280 -2576 1280 0 0.5 5
I -3840 1088 -2576 1088 0 0.5 5
w -3104 368 -3104 416 0
w -2576 416 -3104 416 0
I -3552 448 -2576 448 0 0.5 5
w -2448 640 -1984 1056 0
w -2448 432 -1984 1040 0
w -1984 1024 -2288 368 0
152 -1984 1088 -1648 1088 0 8 0 5
I -3840 368 -2288 368 0 0.5 5
150 -2576 640 -2448 640 0 5 0 5
150 -2576 432 -2448 432 0 2 0 5
150 -2576 1024 -2448 1024 0 9 0 5
150 -2576 1200 -2448 1200 0 10 0 5
150 -2576 1504 -2448 1504 0 13 0 5
150 -2576 1776 -2448 1776 0 14 0 5
I -3792 672 -2576 672 0 0.5 5
I -3840 832 -2576 832 0 0.5 5
x -4016 1593 -3992 1596 4 20 S3
w -3840 1600 -4016 1600 0
w -3840 1888 -4016 1888 0
x -4016 1881 -3992 1884 4 20 S2
w -3840 528 -3120 528 0
w -3840 592 -3104 592 0
w -3552 -1456 -3840 -1456 0
w -3840 -1376 -3552 -1376 0
w -3840 448 -3552 448 0
w -2576 624 -3120 624 0
w -3120 624 -3120 528 0
w -2576 608 -3104 608 0
w -3104 608 -3104 592 0
150 -2576 784 -2448 784 0 6 0 5
w -2576 816 -3280 816 0
w -2576 736 -3216 736 0
w -3216 736 -3216 672 0
w -2576 752 -3232 752 0
w -3232 752 -3232 592 0
w -2576 768 -3248 768 0
w -3248 768 -3248 528 0
w -2576 800 -3264 800 0
w -3264 800 -3264 448 0
w -3280 368 -3280 816 0
I -3840 1888 -2576 1888 0 0.5 5
I -3840 1600 -2576 1600 0 0.5 5
w -3840 1408 -2576 1408 0
w -2576 1424 -3664 1424 0
w -2576 1664 -3888 1664 0
w -2576 1680 -3872 1680 0
w -3744 1280 -3744 1824 0
w -3728 1344 -3728 1840 0
w -3712 1856 -3712 1408 0
w -3696 1600 -3696 1872 0
w -3504 1344 -3504 1584 0
w -3520 3328 -3520 3600 0
w -3728 3888 -3728 3616 0
w -3744 3424 -3744 3872 0
w -3760 3328 -3760 3856 0
w -2592 3712 -3872 3712 0
w -2592 3696 -3888 3696 0
w -2592 3440 -3680 3440 0
w -3856 3424 -2592 3424 0
I -3856 3616 -2592 3616 0 0.5 5
w -3296 2384 -3296 2832 0
w -3280 2816 -3280 2464 0
w -2592 2816 -3280 2816 0
w -3264 2800 -3264 2544 0
w -2592 2784 -3248 2784 0
w -3248 2784 -3248 2608 0
w -2592 2768 -3232 2768 0
w -3232 2768 -3232 2688 0
w -2592 2752 -3856 2752 0
w -2592 2832 -3296 2832 0
150 -2592 2800 -2464 2800 0 7 0 5
w -3120 2624 -3120 2608 0
w -2592 2624 -3120 2624 0
w -3136 2640 -3136 2544 0
w -2592 2640 -3136 2640 0
w -3872 2544 -3584 2544 0
w -3856 2608 -3120 2608 0
w -3856 2464 -2976 2464 0
x -4030 3802 -4006 3805 4 20 S2
w -2592 3808 -4032 3808 0
w -3856 3616 -4032 3616 0
x -4032 3609 -4008 3612 4 20 S3
I -3856 2848 -2592 2848 0 0.5 5
I -3808 2688 -2592 2688 0 0.5 5
150 -2592 3792 -2464 3792 0 14 0 5
150 -2592 3520 -2464 3520 0 13 0 5
150 -2592 3248 -2464 3248 0 10 0 5
150 -2592 3040 -2464 3040 0 9 0 5
150 -2592 2528 -2464 2528 0 3 0 5
150 -2592 2656 -2464 2656 0 5 0 5
I -3520 2384 -2304 2384 0 0.5 5
152 -2000 3104 -1664 3104 0 8 0 5
w -2000 3040 -2304 2384 0
w -2464 2528 -2000 3056 0
w -2464 2656 -2000 3072 0
I -3584 2544 -2592 2544 0 0.5 5
w -2592 2512 -2976 2512 0
w -2992 2384 -2992 2528 0
I -3856 3328 -2592 3328 0 0.5 5
w -2592 2672 -3168 2672 0
w -2592 2656 -3152 2656 0
w -3168 2672 -3168 2384 0
w -2592 3088 -3312 3088 0
w -2592 3072 -3328 3072 0
w -2592 3056 -3344 3056 0
w -2592 3040 -3360 3040 0
w -3312 3088 -3312 2848 0
w -2592 3024 -3376 3024 0
w -3856 3008 -2592 3008 0
w -3344 3056 -3344 2688 0
w -2592 2992 -3392 2992 0
w -2592 2976 -3408 2976 0
w -2592 3312 -3408 3312 0
w -3408 3312 -3408 3104 0
w -2592 3296 -3424 3296 0
w -3424 3296 -3424 3008 0
w -2592 3280 -3440 3280 0
w -2592 3264 -3440 3264 0
w -2592 3232 -3456 3232 0
w -2592 3216 -3472 3216 0
w -2592 3200 -3488 3200 0
w -2592 3184 -3504 3184 0
w -2592 3168 -3520 3168 0
w -3440 3280 -3440 2848 0
w -3456 3232 -3456 2688 0
w -3472 3216 -3472 2608 0
w -3488 3200 -3488 2544 0
w -3504 3184 -3504 2464 0
w -3520 3168 -3520 2384 0
w -3376 3024 -3376 2544 0
w -3392 2992 -3392 2464 0
w -3408 2976 -3408 2384 0
w -2592 3600 -3520 3600 0
w -2592 3584 -3536 3584 0
w -2592 3552 -3568 3552 0
w -2592 3568 -3552 3568 0
w -2592 3504 -3616 3504 0
w -2592 3488 -3632 3488 0
w -2592 3520 -3600 3520 0
w -2592 3536 -3584 3536 0
w -2592 3472 -3648 3472 0
w -2592 3456 -3664 3456 0
w -3536 3264 -3536 3584 0
w -3552 3568 -3552 3104 0
w -3568 3552 -3568 3008 0
w -3584 3536 -3584 2848 0
w -3600 2752 -3600 3520 0
w -3616 3504 -3616 2688 0
w -3632 2608 -3632 3488 0
w -3664 3456 -3664 2464 0
w -3680 3440 -3680 2384 0
w -2592 3744 -3840 3744 0
w -2592 3760 -3824 3760 0
w -2592 3856 -3760 3856 0
w -2592 3824 -3792 3824 0
w -2592 3776 -3808 3776 0
w -2592 3872 -3744 3872 0
w -2592 3888 -3728 3888 0
w -2592 3840 -3776 3840 0
w -3776 3840 -3776 3264 0
w -3792 3104 -3792 3824 0
w -3808 3776 -3808 3008 0
w -3824 2848 -3824 3760 0
w -3840 3744 -3840 2688 0
w -3856 2608 -3856 3728 0
w -3872 3712 -3872 2544 0
w -3888 3696 -3888 2464 0
w -2464 2800 -2000 3088 0
w -2464 3040 -2000 3120 0
w -2000 3136 -2464 3248 0
w -2464 3520 -2000 3152 0
w -2000 3168 -2464 3792 0
x -4032 2378 -3997 2381 4 20 S15
x -4032 2457 -3997 2460 4 20 S14
w -3856 2464 -4032 2464 0
w -3520 2384 -4032 2384 0
w -3856 2608 -4032 2608 0
w -3808 2688 -4032 2688 0
x -4032 2681 -3998 2684 4 20 S11
x -4032 2602 -3997 2605 4 20 S12
w -3856 2752 -4032 2752 0
w -3856 2848 -4032 2848 0
x -4032 2841 -4008 2844 4 20 S9
x -4032 2746 -3997 2749 4 20 S10
x -4032 2538 -3997 2541 4 20 S13
w -3872 2544 -4032 2544 0
x -4032 3258 -4008 3261 4 20 S6
x -4032 3321 -4008 3324 4 20 S5
w -3856 3328 -4032 3328 0
w -3440 3264 -4032 3264 0
x -4032 3002 -4008 3005 4 20 S8
x -4032 3097 -4008 3100 4 20 S7
w -3856 3104 -4032 3104 0
w -3856 3008 -4032 3008 0
w -3856 3424 -4032 3424 0
x -4032 3417 -4008 3420 4 20 S4
w -3904 2384 -3904 3680 0
w -3856 3728 -2592 3728 0
w -3648 3472 -3648 2544 0
x -3936 2222 -3620 2225 4 30 Circuito\sde\ssalida\sde\sP0
w -3856 3904 -4032 3904 0
x -4032 3897 -4008 3900 4 20 S1
I -3856 3904 -2592 3904 0 0.5 5
w -2592 2528 -2992 2528 0
w -2976 2464 -2976 2512 0
w -2592 2800 -3264 2800 0
w -3152 2656 -3152 2464 0
I -3856 3104 -2592 3104 0 0.5 5
w -3328 3072 -3328 2752 0
w -3360 3040 -3360 2608 0
w -2592 3680 -3904 3680 0
