$ 1 0.000005 10.20027730826997 50 5 50 5e-11
150 -2784 -1296 -2656 -1296 0 4 0 5
150 -2784 -1472 -2656 -1472 0 2 0 5
150 -2784 -1392 -2656 -1392 0 3 0 5
I -3632 -1536 -2656 -1536 0 0.5 5
152 -2256 -1104 -1904 -1104 0 8 5 5
w -2256 -1168 -2656 -1536 0
I -3552 -1456 -2784 -1456 0 0.5 5
w -2784 -1488 -3200 -1488 0
w -3200 -1536 -3200 -1488 0
I -3552 -1376 -2784 -1376 0 0.5 5
w -2784 -1392 -3232 -1392 0
w -3216 -1456 -3216 -1408 0
w -2784 -1408 -3216 -1408 0
w -3232 -1392 -3232 -1536 0
w -2784 -1280 -3280 -1280 0
w -3264 -1312 -3264 -1456 0
w -2784 -1312 -3264 -1312 0
w -3280 -1280 -3280 -1536 0
w -2784 -1328 -3248 -1328 0
w -3248 -1328 -3248 -1376 0
w -2784 -704 -3632 -704 0
w -2784 -720 -3616 -720 0
w -2784 -736 -3600 -736 0
w -2784 -768 -3584 -768 0
w -2784 -800 -3552 -800 0
w -2784 -816 -3536 -816 0
x -3920 -1542 -3885 -1539 4 20 S15
x -3920 -1463 -3885 -1460 4 20 S14
w -3840 -1456 -3920 -1456 0
w -3840 -1536 -3920 -1536 0
w -3840 -1264 -3920 -1264 0
w -3840 -1152 -3920 -1152 0
x -3920 -1159 -3886 -1156 4 20 S11
x -3920 -1270 -3885 -1267 4 20 S12
w -3840 -1008 -3920 -1008 0
w -3840 -864 -3920 -864 0
x -3920 -871 -3896 -868 4 20 S9
x -3920 -1014 -3885 -1011 4 20 S10
x -3920 -1382 -3885 -1379 4 20 S13
w -3840 -1376 -3920 -1376 0
x -3952 -694 -3928 -691 4 20 S8
w -3872 -688 -3952 -688 0
x -3920 -1650 -3604 -1647 4 30 Circuito\sde\ssalida\sde\sP3
x -3920 206 -3604 209 4 30 Circuito\sde\ssalida\sde\sP1
w -3632 1456 -3632 528 0
w -3856 1696 -2576 1696 0
w -3888 368 -3888 1664 0
x -4016 1401 -3992 1404 4 20 S4
w -3840 1408 -4016 1408 0
w -3840 992 -4016 992 0
w -3840 1088 -4016 1088 0
x -4016 1081 -3992 1084 4 20 S7
x -4016 986 -3992 989 4 20 S8
w -3840 1280 -4016 1280 0
w -3504 1344 -4016 1344 0
x -4016 1337 -3992 1340 4 20 S5
x -4016 1274 -3992 1277 4 20 S6
w -3840 528 -4016 528 0
x -4016 522 -3981 525 4 20 S13
x -4016 826 -3981 829 4 20 S10
x -4016 905 -3992 908 4 20 S9
w -3840 912 -4016 912 0
w -3840 832 -4016 832 0
x -4016 586 -3981 589 4 20 S12
x -4016 665 -3982 668 4 20 S11
w -3792 672 -4016 672 0
w -3840 592 -4016 592 0
w -3840 368 -4016 368 0
w -3840 448 -4016 448 0
x -4016 441 -3981 444 4 20 S14
x -4016 362 -3981 365 4 20 S15
w -1984 1152 -2448 1776 0
w -2448 1504 -1984 1136 0
w -1984 1120 -2448 1200 0
w -2448 1024 -1984 1104 0
w -2448 784 -1984 1072 0
w -3872 1680 -3872 448 0
w -3856 1696 -3856 528 0
w -3840 592 -3840 1712 0
w -3824 1728 -3824 672 0
w -3808 832 -3808 1744 0
w -3792 1760 -3792 912 0
w -3776 992 -3776 1792 0
w -3760 1808 -3760 1088 0
w -2576 1808 -3760 1808 0
w -2576 1872 -3696 1872 0
w -2576 1856 -3712 1856 0
w -2576 1840 -3728 1840 0
w -2576 1760 -3792 1760 0
w -2576 1744 -3808 1744 0
w -2576 1792 -3776 1792 0
w -2576 1824 -3744 1824 0
w -2576 1728 -3824 1728 0
w -2576 1712 -3840 1712 0
w -3664 1424 -3664 368 0
w -3648 1440 -3648 448 0
w -3616 592 -3616 1472 0
w -3600 1488 -3600 672 0
w -3584 832 -3584 1504 0
w -3568 1520 -3568 912 0
w -3552 1536 -3552 992 0
w -3536 1552 -3536 1088 0
w -3520 1280 -3520 1568 0
w -2576 1440 -3648 1440 0
w -2576 1456 -3632 1456 0
w -2576 1520 -3568 1520 0
w -2576 1504 -3584 1504 0
w -2576 1472 -3616 1472 0
w -2576 1488 -3600 1488 0
w -2576 1552 -3536 1552 0
w -2576 1536 -3552 1536 0
w -2576 1568 -3520 1568 0
w -2576 1584 -3504 1584 0
w -3376 960 -3376 368 0
w -3360 976 -3360 448 0
w -3344 1008 -3344 592 0
w -3504 1120 -3504 368 0
w -3488 1136 -3488 448 0
w -3472 1152 -3472 528 0
w -3456 1168 -3456 592 0
w -3440 1184 -3440 672 0
w -3424 1216 -3424 832 0
w -2576 1120 -3504 1120 0
w -2576 1136 -3488 1136 0
w -2576 1152 -3472 1152 0
w -2576 1168 -3456 1168 0
w -2576 1184 -3440 1184 0
w -2576 1216 -3424 1216 0
w -3408 1232 -3408 912 0
w -2576 1232 -3408 1232 0
w -3392 1248 -3392 992 0
w -2576 1248 -3392 1248 0
w -3376 1264 -3376 1088 0
w -2576 1264 -3376 1264 0
w -2576 960 -3376 960 0
w -2576 976 -3360 976 0
w -3328 1024 -3328 672 0
w -3840 912 -3296 912 0
w -3840 992 -2576 992 0
w -2576 1008 -3344 1008 0
w -3312 1040 -3312 832 0
w -2576 1024 -3328 1024 0
w -3296 1056 -3296 912 0
w -2576 1040 -3312 1040 0
w -3280 1072 -3280 960 0
w -2576 1056 -3296 1056 0
w -2576 1072 -3280 1072 0
w -3152 656 -3152 368 0
w -2576 640 -3136 640 0
w -3136 448 -3136 640 0
w -2576 656 -3152 656 0
I -3840 1280 -2576 1280 0 0.5 5
I -3840 1088 -2576 1088 0 0.5 5
w -3104 368 -3104 416 0
w -2576 416 -3104 416 0
I -3552 448 -2576 448 0 0.5 5
w -2448 640 -1984 1056 0
w -2448 432 -1984 1040 0
w -1984 1024 -2288 368 0
152 -1984 1088 -1648 1088 0 8 5 5
I -3840 368 -2288 368 0 0.5 5
150 -2576 640 -2448 640 0 5 0 5
150 -2576 432 -2448 432 0 2 0 5
150 -2576 1024 -2448 1024 0 9 0 5
150 -2576 1200 -2448 1200 0 10 0 5
150 -2576 1504 -2448 1504 0 13 0 5
150 -2576 1776 -2448 1776 0 14 0 5
I -3792 672 -2576 672 0 0.5 5
I -3840 832 -2576 832 0 0.5 5
x -4016 1593 -3992 1596 4 20 S3
w -3840 1600 -4016 1600 0
w -3840 1888 -4016 1888 0
x -4016 1881 -3992 1884 4 20 S2
w -3840 528 -3120 528 0
w -3840 592 -3104 592 0
w -3552 -1456 -3840 -1456 0
w -3840 -1376 -3552 -1376 0
w -3840 448 -3552 448 0
w -2576 624 -3120 624 0
w -3120 624 -3120 528 0
w -2576 608 -3104 608 0
w -3104 608 -3104 592 0
150 -2576 784 -2448 784 0 6 0 5
w -2576 816 -3280 816 0
w -2576 736 -3216 736 0
w -3216 736 -3216 672 0
w -2576 752 -3232 752 0
w -3232 752 -3232 592 0
w -2576 768 -3248 768 0
w -3248 768 -3248 528 0
w -2576 800 -3264 800 0
w -3264 800 -3264 448 0
w -3280 368 -3280 816 0
I -3840 1888 -2576 1888 0 0.5 5
I -3840 1600 -2576 1600 0 0.5 5
w -3840 1408 -2576 1408 0
w -2576 1424 -3664 1424 0
w -2576 1664 -3888 1664 0
w -2576 1680 -3872 1680 0
w -3744 1280 -3744 1824 0
w -3728 1344 -3728 1840 0
w -3712 1856 -3712 1408 0
w -3696 1600 -3696 1872 0
w -3504 1344 -3504 1584 0
w -688 1312 -688 1584 0
w -896 1872 -896 1600 0
w -912 1408 -912 1856 0
w -928 1312 -928 1840 0
w 240 1696 -1040 1696 0
w 240 1680 -1056 1680 0
w 240 1424 -848 1424 0
w -1024 1408 240 1408 0
I -1024 1600 240 1600 0 0.5 5
w -464 368 -464 816 0
w -448 800 -448 448 0
w 240 800 -448 800 0
w -432 784 -432 528 0
w 240 768 -416 768 0
w -416 768 -416 592 0
w 240 752 -400 752 0
w -400 752 -400 672 0
w 240 736 -1024 736 0
w 240 816 -464 816 0
150 240 784 368 784 0 7 0 5
w -288 608 -288 592 0
w 240 608 -288 608 0
w -304 624 -304 528 0
w 240 624 -304 624 0
w -1040 528 -752 528 0
w -1024 592 -288 592 0
w -1024 448 -144 448 0
x -1198 1786 -1174 1789 4 20 S2
w 240 1792 -1200 1792 0
w -1024 1600 -1200 1600 0
x -1200 1593 -1176 1596 4 20 S3
I -1024 832 240 832 0 0.5 5
I -976 672 240 672 0 0.5 5
150 240 1776 368 1776 0 14 0 5
150 240 1504 368 1504 0 13 0 5
150 240 1232 368 1232 0 10 0 5
150 240 1024 368 1024 0 9 0 5
150 240 512 368 512 0 3 0 5
150 240 640 368 640 0 5 0 5
I -688 368 528 368 0 0.5 5
152 832 1088 1168 1088 0 8 5 5
w 832 1024 528 368 0
w 368 512 832 1040 0
w 368 640 832 1056 0
I -752 528 240 528 0 0.5 5
w 240 496 -144 496 0
w -160 368 -160 512 0
I -1024 1312 240 1312 0 0.5 5
w 240 656 -336 656 0
w 240 640 -320 640 0
w -336 656 -336 368 0
w 240 1072 -480 1072 0
w 240 1056 -496 1056 0
w 240 1040 -512 1040 0
w 240 1024 -528 1024 0
w -480 1072 -480 832 0
w 240 1008 -544 1008 0
w -1024 992 240 992 0
w -512 1040 -512 672 0
w 240 976 -560 976 0
w 240 960 -576 960 0
w 240 1296 -576 1296 0
w -576 1296 -576 1088 0
w 240 1280 -592 1280 0
w -592 1280 -592 992 0
w 240 1264 -608 1264 0
w 240 1248 -608 1248 0
w 240 1216 -624 1216 0
w 240 1200 -640 1200 0
w 240 1184 -656 1184 0
w 240 1168 -672 1168 0
w 240 1152 -688 1152 0
w -608 1264 -608 832 0
w -624 1216 -624 672 0
w -640 1200 -640 592 0
w -656 1184 -656 528 0
w -672 1168 -672 448 0
w -688 1152 -688 368 0
w -544 1008 -544 528 0
w -560 976 -560 448 0
w -576 960 -576 368 0
w 240 1584 -688 1584 0
w 240 1568 -704 1568 0
w 240 1536 -736 1536 0
w 240 1552 -720 1552 0
w 240 1488 -784 1488 0
w 240 1472 -800 1472 0
w 240 1504 -768 1504 0
w 240 1520 -752 1520 0
w 240 1456 -816 1456 0
w 240 1440 -832 1440 0
w -704 1248 -704 1568 0
w -720 1552 -720 1088 0
w -736 1536 -736 992 0
w -752 1520 -752 832 0
w -768 736 -768 1504 0
w -784 1488 -784 672 0
w -800 592 -800 1472 0
w -832 1440 -832 448 0
w -848 1424 -848 368 0
w 240 1728 -1008 1728 0
w 240 1744 -992 1744 0
w 240 1840 -928 1840 0
w 240 1808 -960 1808 0
w 240 1760 -976 1760 0
w 240 1856 -912 1856 0
w 240 1872 -896 1872 0
w 240 1824 -944 1824 0
w -944 1824 -944 1248 0
w -960 1088 -960 1808 0
w -976 1760 -976 992 0
w -992 832 -992 1744 0
w -1008 1728 -1008 672 0
w -1024 592 -1024 1712 0
w -1040 1696 -1040 528 0
w -1056 1680 -1056 448 0
w 368 784 832 1072 0
w 368 1024 832 1104 0
w 832 1120 368 1232 0
w 368 1504 832 1136 0
w 832 1152 368 1776 0
x -1200 362 -1165 365 4 20 S15
x -1200 441 -1165 444 4 20 S14
w -1024 448 -1200 448 0
w -688 368 -1200 368 0
w -1024 592 -1200 592 0
w -976 672 -1200 672 0
x -1200 665 -1166 668 4 20 S11
x -1200 586 -1165 589 4 20 S12
w -1024 736 -1200 736 0
w -1024 832 -1200 832 0
x -1200 825 -1176 828 4 20 S9
x -1200 730 -1165 733 4 20 S10
x -1200 522 -1165 525 4 20 S13
w -1040 528 -1200 528 0
x -1200 1242 -1176 1245 4 20 S6
x -1200 1305 -1176 1308 4 20 S5
w -1024 1312 -1200 1312 0
w -608 1248 -1200 1248 0
x -1200 986 -1176 989 4 20 S8
x -1200 1081 -1176 1084 4 20 S7
w -1024 1088 -1200 1088 0
w -1024 992 -1200 992 0
w -1024 1408 -1200 1408 0
x -1200 1401 -1176 1404 4 20 S4
w -1072 368 -1072 1664 0
w -1024 1712 240 1712 0
w -816 1456 -816 528 0
x -1104 206 -788 209 4 30 Circuito\sde\ssalida\sde\sP0
w -1024 1888 -1200 1888 0
x -1200 1881 -1176 1884 4 20 S1
I -1024 1888 240 1888 0 0.5 5
w 240 512 -160 512 0
w -144 448 -144 496 0
w 240 784 -432 784 0
w -320 640 -320 448 0
I -1024 1088 240 1088 0 0.5 5
w -496 1056 -496 736 0
w -528 1024 -528 592 0
w 240 1664 -1072 1664 0
x 1616 1353 1640 1356 4 20 S1
w 1792 1360 1616 1360 0
x 1616 1161 1640 1164 4 20 S4
w 1792 1168 1616 1168 0
w 1792 880 1616 880 0
w 1792 976 1616 976 0
x 1616 969 1640 972 4 20 S7
x 1616 874 1640 877 4 20 S8
w 1792 1040 1616 1040 0
w 1792 1104 1616 1104 0
x 1616 1097 1640 1100 4 20 S5
x 1616 1034 1640 1037 4 20 S6
w 1792 560 1616 560 0
x 1616 554 1651 557 4 20 S13
x 1616 746 1651 749 4 20 S10
x 1616 809 1640 812 4 20 S9
w 1792 816 1616 816 0
w 1792 752 1616 752 0
x 1616 618 1651 621 4 20 S12
x 1616 681 1650 684 4 20 S11
w 1792 688 1616 688 0
w 1792 624 1616 624 0
w 1792 432 1616 432 0
w 1792 496 1616 496 0
x 1616 489 1651 492 4 20 S14
x 1616 426 1651 429 4 20 S15
x 1616 1225 1640 1228 4 20 S3
w 1792 1232 1616 1232 0
w 1792 1296 1616 1296 0
x 1618 1290 1642 1293 4 20 S2
x 1602 216 1902 219 4 30 Circuito\sde\ssalida\sde\sA
w 1792 1424 1616 1424 0
x 1616 1417 1640 1420 4 20 S0
150 2320 928 2928 928 0 16 0 5
w 1792 976 2320 944 0
w 1792 880 2320 912 0
w 1792 1040 2320 960 0
w 1792 816 2320 896 0
w 1792 752 2320 880 0
w 1792 1104 2320 976 0
w 1792 1168 2320 992 0
w 1792 1232 2320 1008 0
w 1792 1296 2320 1024 0
w 1792 1360 2320 1040 0
w 1792 1424 2320 1056 0
w 1792 688 2320 864 0
w 1792 624 2320 848 0
w 1792 560 2320 832 0
w 1792 496 2320 816 0
w 1792 432 2320 800 0
w -1120 -1376 -832 -1376 0
w -832 -1456 -1120 -1456 0
x -1200 -1650 -884 -1647 4 30 Circuito\sde\ssalida\sde\sP2
w -896 -576 -896 -1376 0
w -1104 -400 -64 -400 0
w -1104 -1536 -1104 -400 0
x -1200 -215 -1176 -212 4 20 S4
w -1120 -208 -1200 -208 0
w -1120 -928 -1200 -928 0
w -1120 -832 -1200 -832 0
x -1200 -839 -1176 -836 4 20 S7
x -1200 -934 -1176 -931 4 20 S8
w -1120 -640 -1200 -640 0
w -1120 -448 -1200 -448 0
x -1200 -455 -1176 -452 4 20 S5
x -1200 -646 -1176 -643 4 20 S6
w -1120 -1376 -1200 -1376 0
x -1200 -1382 -1165 -1379 4 20 S13
x -1200 -1094 -1165 -1091 4 20 S10
x -1200 -1015 -1176 -1012 4 20 S9
w -1120 -1008 -1200 -1008 0
w -1120 -1088 -1200 -1088 0
x -1200 -1270 -1165 -1267 4 20 S12
x -1200 -1191 -1166 -1188 4 20 S11
w -1120 -1184 -1200 -1184 0
w -1120 -1264 -1200 -1264 0
w -1120 -1536 -1200 -1536 0
w -1120 -1456 -1200 -1456 0
x -1200 -1463 -1165 -1460 4 20 S14
x -1200 -1542 -1165 -1539 4 20 S15
w 528 -864 64 -304 0
w 64 -528 528 -880 0
w 528 -896 64 -720 0
w 64 -896 528 -912 0
w 64 -1296 528 -944 0
w -1088 -384 -1088 -1456 0
w -1072 -368 -1072 -1376 0
w -1056 -1264 -1056 -352 0
w -1040 -336 -1040 -1184 0
w -1024 -1088 -1024 -320 0
w -1008 -288 -1008 -1008 0
w -992 -928 -992 -272 0
w -976 -256 -976 -832 0
w -960 -240 -960 -640 0
w -64 -288 -1008 -288 0
w -64 -224 -944 -224 0
w -64 -240 -960 -240 0
w -64 -256 -976 -256 0
w -64 -336 -1040 -336 0
w -64 -352 -1056 -352 0
w -64 -320 -1024 -320 0
w -64 -272 -992 -272 0
w -64 -368 -1072 -368 0
w -64 -384 -1088 -384 0
w -944 -448 -944 -224 0
w -928 -608 -928 -1536 0
w -912 -592 -912 -1456 0
w -880 -1264 -880 -560 0
w -864 -544 -864 -1184 0
w -848 -1088 -848 -528 0
w -832 -512 -832 -1008 0
w -816 -496 -816 -928 0
w -800 -480 -800 -832 0
w -784 -640 -784 -464 0
w -64 -608 -928 -608 0
w -64 -592 -912 -592 0
w -64 -528 -848 -528 0
w -64 -544 -864 -544 0
w -64 -576 -896 -576 0
w -64 -560 -880 -560 0
w -64 -496 -816 -496 0
w -64 -512 -832 -512 0
w -64 -480 -800 -480 0
w -64 -464 -784 -464 0
w -656 -960 -656 -1536 0
w -640 -944 -640 -1456 0
w -624 -912 -624 -1264 0
w -784 -800 -784 -1536 0
w -768 -784 -768 -1456 0
w -752 -768 -752 -1376 0
w -736 -752 -736 -1264 0
w -720 -736 -720 -1184 0
w -704 -704 -704 -1088 0
w -64 -800 -784 -800 0
w -64 -784 -768 -784 0
w -64 -768 -752 -768 0
w -64 -752 -736 -752 0
w -64 -736 -720 -736 0
w -64 -704 -704 -704 0
w -688 -688 -688 -1008 0
w -64 -688 -688 -688 0
w -672 -672 -672 -928 0
w -64 -672 -672 -672 0
w -656 -656 -656 -832 0
w -64 -656 -656 -656 0
w -64 -960 -656 -960 0
w -64 -944 -640 -944 0
w -608 -896 -608 -1184 0
w -1120 -1184 -608 -1184 0
w -1120 -1088 -592 -1088 0
w -1120 -1008 -576 -1008 0
w -1120 -928 -64 -928 0
w -64 -912 -624 -912 0
w -592 -880 -592 -1088 0
w -64 -896 -608 -896 0
w -576 -864 -576 -1008 0
w -64 -880 -592 -880 0
w -560 -848 -560 -960 0
w -64 -864 -576 -864 0
w -64 -848 -560 -848 0
w -560 -1328 -560 -1536 0
w -64 -1328 -560 -1328 0
w -544 -1312 -544 -1456 0
w -64 -1312 -544 -1312 0
w -528 -1280 -528 -1376 0
w -64 -1280 -528 -1280 0
w -512 -1392 -512 -1536 0
w -64 -1408 -496 -1408 0
w -496 -1456 -496 -1408 0
w -64 -1392 -512 -1392 0
I -1120 -208 -64 -208 0 0.5 5
I -1120 -448 -64 -448 0 0.5 5
I -1120 -640 -64 -640 0 0.5 5
I -1120 -832 -64 -832 0 0.5 5
I -1120 -1264 -64 -1264 0 0.5 5
I -832 -1376 -64 -1376 0 0.5 5
w -480 -1536 -480 -1488 0
w -64 -1488 -480 -1488 0
I -832 -1456 -64 -1456 0 0.5 5
w 64 -1392 528 -960 0
w 64 -1472 528 -976 0
w 528 -992 224 -1536 0
152 528 -928 880 -928 0 8 5 5
I -1120 -1536 224 -1536 0 0.5 5
150 -64 -1392 64 -1392 0 3 0 5
150 -64 -1472 64 -1472 0 2 0 5
150 -64 -1296 64 -1296 0 4 0 5
150 -64 -896 64 -896 0 9 0 5
150 -64 -720 64 -720 0 10 0 5
150 -64 -528 64 -528 0 11 0 5
150 -64 -304 64 -304 0 12 0 5
150 -2784 -752 -2656 -752 0 8 0 5
I -3872 -688 -3056 -688 0 0.5 5
w -3056 -688 -2784 -688 0
w -3568 -784 -2784 -784 0
w -2784 -1216 -3344 -1216 0
w -2784 -1200 -3360 -1200 0
w -2784 -1168 -3392 -1168 0
I -3840 -1152 -2784 -1152 0 0.5 5
150 -2784 -1184 -2656 -1184 0 5 0 5
I -3840 -1264 -2784 -1264 0 0.5 5
w -3344 -1264 -3344 -1216 0
w -3360 -1376 -3360 -1200 0
w -3392 -1168 -3392 -1536 0
w -3376 -1456 -3376 -1184 0
w -3376 -1184 -2784 -1184 0
w -3440 -1040 -2784 -1040 0
150 -2784 -1056 -2656 -1056 0 6 0 5
I -3840 -1008 -2784 -1008 0 0.5 5
w -2784 -1024 -3456 -1024 0
w -2784 -1072 -3424 -1072 0
w -2784 -1088 -3408 -1088 0
w -3392 -1152 -3392 -1104 0
w -3408 -1088 -3408 -1264 0
w -3424 -1376 -3424 -1072 0
w -3440 -1040 -3440 -1456 0
w -2784 -1104 -3392 -1104 0
w -3456 -1024 -3456 -1536 0
w -2784 -960 -3456 -960 0
w -2784 -944 -3472 -944 0
w -2784 -928 -3488 -928 0
w -2784 -896 -3520 -896 0
I -3840 -864 -2784 -864 0 0.5 5
150 -2784 -912 -2656 -912 0 7 0 5
w -3504 -912 -2784 -912 0
w -2784 -880 -3536 -880 0
w -3456 -1008 -3456 -960 0
w -3472 -944 -3472 -1152 0
w -3488 -1264 -3488 -928 0
w -3504 -912 -3504 -1376 0
w -3520 -896 -3520 -1456 0
w -3536 -1536 -3536 -880 0
w -3536 -816 -3536 -864 0
w -3552 -800 -3552 -1008 0
w -3568 -784 -3568 -1152 0
w -3584 -1264 -3584 -768 0
w -3600 -736 -3600 -1376 0
w -3616 -1456 -3616 -720 0
w -3632 -704 -3632 -1536 0
w -2656 -1472 -2256 -1152 0
w -2656 -1392 -2256 -1136 0
w -2656 -1296 -2256 -1120 0
w -2656 -1184 -2256 -1088 0
w -2656 -1056 -2256 -1072 0
w -2656 -912 -2256 -1056 0
w -2656 -752 -2256 -1040 0
w -3632 -1536 -3840 -1536 0
